function [ cfs ] = fsilosCfsSenneff(fs)
    FilterBankRTheta = [
                 0         3.14159       0.740055     2.633909    0.8
                 0.86      2.997077      0.753637     2.178169    0.8
                 0.86      2.879267      0.775569     1.856744    0.8
                 0.86      2.761458      0.798336     1.617919    0.8
                 0.86      2.643648      0.819169     1.433496    0.8
                 0.86      2.525839      0.837158     1.286795    0.8
                 0.8       2.964876      0.852598     1.167321    0.8
                 0.86      2.408029      0.865429     1.068141    0.8
                 0.86      2.29022       0.876208     0.984489    0.8
                 0.86      2.17241       0.885329     0.912985    0.8
                 0.86      2.054601      0.893116     0.851162    0.8
                 0.86      1.936791      0.899823     0.797179    0.8
                 0.8       2.788161      0.906118     0.749633    0.8
                 0.86      1.818981      0.911236     0.70744     0.8
                 0.86      1.701172      0.915747     0.669742    0.8
                 0.86      1.583362      0.919753     0.635858    0.8
                 0.86      1.465552      0.923335     0.605237    0.8
                 0.86      1.347743      0.926565     0.57743     0.8
                 0.8       2.611447      0.929914     0.552065    0.8
                 0.86      1.229933      0.932576     0.528834    0.8
                 0.86      1.112123      0.944589     0.487783    0.75
                 0.86      0.994314      0.957206     0.452645    0.660714
                 0.86      0.876504      0.956548     0.42223     0.672143
                 0.86      0.758694      0.956653     0.395644    0.682143
                 0.8       2.434732      0.956518     0.372208    0.690966
                 0.86      0.640885      0.956676     0.351393    0.69881
                 0.86      0.523075      0.956741     0.316044    0.712143
                 0.8       2.258018      0.956481     0.287157    0.723052
                 0.8       2.081304      0.956445     0.263108    0.732143
                 0.8       1.904589      0.956481     0.242776    0.739835
                 0.86      0.405265      0.958259     0.217558    0.749384
                 0.8       1.727875      0.963083     0.197086    0.757143
                 0.8       1.55116       0.969757     0.175115    0.769048
                 0.8       1.374446      0.97003      0.153697    0.780662
                 0.8       1.197732      0.970382     0.134026    0.791337
                 0.8       1.021017      0.970721     0.118819    0.799596
                 0.8       1.5           0.970985     0.106711    0.8
                 0.8       1.2           0.971222     0.096843    0.8
                 0.8       1             0.97144      0.088645    0.8
                 0.8       0.9           0.971645     0.081727    0.8];
    cfs = FilterBankRTheta(:,4)/pi*fs/2;

end

